69.8607 252.031 77.4702
69.8607 252.031 77.4702
71.4039 252.963 76.3342
71.693 252.979 76.2514
117.039 209.012 64.4149
107.196 214.202 67.4142
69.3537 251.904 77.369
69.9719 252.712 76.0954
68.7838 252.632 76.2406
69.633 252.276 77.3644
68.6093 252.719 76.3005
68.6093 252.719 76.3005
68.8202 252.448 77.4518
68.8202 252.448 77.4518
68.8202 252.448 77.4518
68.8202 252.448 77.4518
117.913 203.838 72.1556
67.2176 252.174 77.5896
68.927 252.814 76.3911
69.5161 253.012 76.5182
121.55 204.676 64.8429
121.55 204.676 64.8429
67.9929 253.23 75.8855
69.9267 253.513 75.7025
68.8606 253.416 75.8277
68.6847 253.022 76.6961
68.6847 253.022 76.6961
69.3751 253.585 75.7526
68.3074 253.478 75.8902
70.8178 253.594 76.609
113.891 208.616 69.7184
69.8059 253.227 77.0757
70.9541 254.008 75.7711
115.909 207.797 62.6283
126.184 203.911 59.837
69.9765 253.7 76.2229
70.8365 253.498 77.1883
68.964 253.377 77.1309
69.2448 253.399 77.0468
69.3413 254.179 75.9923
125.312 204.636 59.8405
70.2088 254.053 76.2104
69.1351 253.951 76.3395
71.5962 254.463 76.288
69.4944 254.729 75.3427
121.988 204.703 64.7181
125.422 204.637 59.8404
68.8973 254.014 76.5024
70.5007 254.45 76.4296
120.295 205.54 71.3215
123.479 206.032 66.2074
69.8043 254.154 76.7986
69.6843 253.849 77.823
70.9257 254.598 76.725
114.359 208.672 69.5534
71.1793 254.507 76.9149
69.7051 254.003 78.0302
71.0675 255.075 75.6015
71.1089 255.304 75.4076
69.2075 254.516 76.9469
68.1839 253.235 78.9358
69.6074 254.584 76.9747
70.4966 254.771 76.9181
122.554 204.722 64.6886
70.4793 254.851 76.939
123.011 206.633 66.346
73.0861 255.898 74.8285
70.1338 254.111 77.9605
122.787 204.501 65.9199
126.325 204.637 59.9436
126.439 204.638 59.9433
126.554 204.639 59.9429
69.4122 254.872 76.862
126.785 204.64 59.9421
71.8319 256.494 74.6969
71.23 255.159 77.2
68.4481 254.408 78.3885
69.2449 253.965 79.572
71.0411 256.006 75.9831
71.6379 255.693 77.3203
110.609 214.442 66.8786
71.3454 255.547 77.4566
69.7649 255.476 77.7411
72.3823 255.892 77.3968
71.8684 256.452 76.2857
72.3674 256.024 77.4458
70.8853 255.399 78.4532
74.8943 256.217 77.3213
71.0099 255.561 78.4556
73.3241 256.086 77.332
71.7531 255.592 78.5145
73.1648 256.525 76.7882
72.4423 256.687 75.8893
72.7455 255.925 77.8952
71.204 255.203 78.3332
132.941 202.056 54.4737
128.463 202.938 61.3078
72.122 255.025 78.5441
73.4543 255.584 77.0241
73.0369 254.793 78.1085
74.2339 255.48 77.1623
71.5834 254.341 78.4778
130.249 202.523 60.9732
71.6669 254.115 77.4883
129.73 203.061 61.7374
72.1581 252.554 78.4054
73.7957 253.291 76.2868
74.3095 251.981 78.0603
73.4605 251.686 77.8858
73.4068 251.284 77.3101
72.495 249.403 80.0119
74.2876 249.93 78.87
73.5324 250.586 76.6518
129.188 198.935 64.7821
74.3751 249.134 78.5345
73.7569 249.405 77.6998
75.0974 248.914 77.6921
74.7318 249.222 76.2083
75.2054 249.693 74.8911
73.5173 248.463 75.6074
73.771 246.972 78.1455
72.2314 246.877 77.8828
71.4961 246.292 77.897
75.107 247.97 73.8699
71.8845 244.054 80.6686
72.7116 244.734 78.5812
74.1461 245.032 76.7913
74.8093 244.332 76.9482
73.8805 242.873 79.0817
73.5555 242.787 77.7074
73.0789 242.1 76.5473
89.8464 271.045 87.7831
74.9421 240.459 77.3666
74.8258 239.98 77.0642
75.5019 239.62 76.6104
74.1201 238.653 77.2195
74.9132 238.458 76.659
128.445 185.69 62.8494
76.7632 236.997 76.4813
75.586 235.962 76.9498
76.3836 235.196 77.3744
76.5944 235.167 76.0482
76.4336 234.676 75.7997
76.4618 233.921 76.1594
76.3326 232.979 77.0136
75.1258 232.818 75.5194
76.3363 232.303 74.8858
77.5655 231.783 74.4574
76.8777 230.545 76.0036
76.2035 229.748 76.4765
76.5528 229.229 76.1391
75.1303 228.352 76.818
75.4106 228.036 76.0641
78.5983 227.918 74.589
77.7249 226.486 76.2784
76.4092 225.346 76.4922
76.2732 224.343 77.0451
78.1957 223.947 76.3293
77.0315 223.631 76.6131
77.1348 223.127 76.3951
77.7301 223.124 74.7211
78.2449 222.446 74.3126
77.4047 221.512 74.9469
77.7767 220.387 75.9135
78.4029 219.684 75.1075
79.7862 219.062 74.9421
77.6552 217.772 76.0549
78.2861 217.487 74.8836
79.2405 216.267 75.5937
77.5814 215.616 74.4439
80.1302 214.013 75.5488
80.4291 214.042 74.0723
79.4759 213.09 74.1697
80.019 212.224 73.4633
81.3204 210.573 75.1527
81.3507 210.346 73.2798
81.656 209.03 74.2242
82.1833 208.753 72.431
82.8815 207.934 72.2539
82.5791 206.492 73.894
81.9985 206.387 71.7896
82.5844 204.969 73.0124
82.1824 204.303 72.9293
81.1806 203.767 72.6108
81.0205 202.141 74.4746
82.3616 201.536 73.9458
80.6326 200.998 73.3356
82.1489 200.421 73.1517
80.437 199.88 73.1085
81.0618 199.573 71.8296
80.5086 198.433 73.2356
81.6851 197.63 73.0932
80.0262 197.062 72.8573
81.1079 196.285 72.7215
81.0793 195.344 72.8197
79.9907 194.815 72.0132
79.6246 193.96 71.9516
78.054 193.541 71.6227
78.4928 192.623 71.6325
79.3497 191.525 71.719
78.5929 190.671 72.0423
79.6358 190.427 69.7339
78.9807 189.068 70.6646
76.7255 188.062 71.0812
77.4705 187.27 70.3917
75.9218 186.562 70.1793
76.1965 185.411 70.1875
75.8076 184.336 70.0023
74.8981 183.903 68.7349
74.9542 182.96 68.5952
75.4786 182.481 67.6431
74.3876 181.748 68.8275
73.7053 180.898 69.249
72.6819 180.536 68.7757
73.1064 179.844 69.0067
71.6979 179.253 69.2934
71.8958 178.401 69.352
71.4217 177.717 69.4886
72.0454 177.556 68.1272
71.1339 177.218 68.2016
71.6743 176.576 68.1202
71.2162 176.128 68.4071
70.9073 175.891 68.1451
71.0243 175.454 67.7169
71.1682 174.984 66.9386
70.4093 174.411 67.1724
70.5816 173.616 67.7622
70.0592 173.246 67.0641
70.1485 172.369 68.1261
71.4968 171.956 66.6214
70.1297 171.481 66.7303
70.7826 170.661 65.7494
70.1019 169.584 67.105
69.4222 168.736 66.3224
70.119 167.756 66.1247
69.7462 166.989 65.2231
69.5219 166.078 65.2926
70.5135 164.943 64.7266
70.1744 163.782 65.0079
90.8141 110.318 73.3694
90.383 110.212 71.9884
90.9923 109.715 69.9001
87.686 108.915 72.57
87.8435 108.646 70.9362
91.251 105.939 66.6798
89.5978 106.212 67.9401
90.342 105.669 64.8496
88.5154 104.305 67.6192
90.4825 102.681 65.3398
90.3169 101.795 64.5138
89.0407 102.035 64.3636
88.4706 99.5629 65.7133
89.1164 98.9855 62.9029
88.0237 97.7249 63.9284
87.3298 97.0385 63.6924
86.9411 97.102 61.4376
86.8141 95.1113 62.6061
87.4433 94.9001 60.327
87.8509 94.075 58.7822
86.5628 94.3919 59.3062
86.4451 93.9138 59.0739
86.8923 93.0504 57.4915
86.1465 92.9178 59.2248
86.107 93.6818 57.4194
85.9858 93.0437 57.3576
86.1197 92.9098 57.0981
87.1573 92.1143 56.9984
85.5806 93.8715 56.236
88.0417 91.9284 54.2528
87.4402 92.9655 53.532
85.417 93.6595 56.5592
86.1537 93.7703 54.8593
87.1151 92.8537 54.3178
85.6782 93.9157 54.8239
85.5989 93.4228 54.2542
85.522 93.36 54.5253
85.4332 92.9032 54.0746
86.8419 91.6792 52.6419
85.316 92.335 53.2661
85.566 91.0366 53.4178
84.1113 91.5467 53.2186
83.6852 91.3452 53.3366
85.1257 89.064 53.1632
84.554 88.9012 53.5515
83.9582 88.3784 53.174
83.5869 87.6079 53.112
82.4214 86.9288 54.0786
82.365 86.5141 53.037
81.4873 86.246 53.762
82.8103 84.1476 52.8239
80.9805 84.1513 53.2684
81.1488 82.6192 52.6268
79.9321 81.6803 53.3287
79.2062 81.3707 53.2836
79.0628 80.2612 51.9358
78.6152 79.7704 51.8727
79.0706 77.7111 51.5971
77.4063 77.3323 52.6746
76.6536 77.2168 50.556
76.5323 76.1281 51.2699
76.199 75.5286 50.4521
75.6831 74.7133 50.934
74.8286 74.6267 50.073
74.9885 73.6887 50.0657
74.6976 73.0605 49.3431
74.2005 72.3399 49.4814
73.3785 72.5766 48.9773
73.1832 71.6208 49.7152
71.7715 71.9982 49.5997
71.8566 70.9743 49.0073
71.0055 70.9833 49.1687
71.4345 70.3379 47.9015
71.4474 69.4006 48.0363
71.2365 68.9672 47.9022
70.9147 68.2966 47.6615
70.1879 68.2151 47.4225
70.3981 67.1795 47.5518
69.7556 67.1365 47.0681
70.3036 66.1158 46.2062
69.4879 66.5277 46.7375
69.5954 65.9602 46.6399
69.5208 65.8593 46.5935
69.6321 65.5563 46.8005
69.5989 65.1143 46.2388
70.0489 64.2159 46.0535
69.1049 63.5175 46.8735
68.999 62.6371 46.2987
68.7108 61.3348 46.1954
68.5618 60.2554 46.241
67.5285 59.468 46.5756
66.9691 58.5819 46.3674
67.0952 57.1801 45.9304
66.1638 56.7314 45.6662
65.9441 55.5189 45.7561
65.7349 54.3564 45.426
65.5467 53.0269 45.2331
64.9381 51.7252 45.2554
64.3761 50.8787 44.9528
64.2278 49.2841 44.9312
63.5686 48.4604 44.9681
63.8245 47.1797 44.3881
63.3437 46.5846 43.9129
63.5014 45.4795 43.5222
62.9496 44.8214 43.3104
62.5201 44.2733 43.1739
62.3435 43.1918 42.5871
61.96 42.3457 42.4979
61.4739 41.6109 42.2071
60.8662 40.9928 42.1594
60.4622 40.0199 42.3368
60.1549 39.1575 42.3073
59.9127 38.1519 42.3389
59.2866 37.6172 42.4274
59.1059 36.4906 42.4498
58.9081 35.7046 42.4646
58.6737 35.024 42.364
58.3783 34.4702 42.4625
58.164 33.8953 42.4101
57.916 33.612 42.3992
57.8589 32.9154 42.0971
57.592 32.6373 42.0004
57.3638 32.2818 41.6421
57.2385 31.792 41.4853
57.0972 31.3856 41.2214
56.8606 30.9028 41.21
56.5457 30.4472 41.0655
56.5423 29.9048 40.6861
56.2376 29.6018 40.5583
55.9555 29.282 40.5725
55.7895 28.9342 40.279
55.7333 28.4388 39.9506
55.5656 28.0662 39.5319
55.3668 -27.8088 39.3294
55.2235 -27.5369 38.9091
55.0963 -27.1616 38.6695
54.9277 -26.8517 38.3305
54.6503 -26.5544 38.0688
54.4374 -26.331 37.8431
54.2223 -26.0402 37.5763
53.9741 -25.4294 37.4321
53.7002 -24.964 37.1208
53.3433 -24.4982 37.0246
52.9715 -24.1279 36.86
52.6234 -23.5486 36.7925
43.0712 14.6479 30.6285
42.9962 14.7037 30.5382
43.0091 14.7476 30.4716
43.0069 14.8081 30.3668
43.0041 14.8908 30.3054
43.0929 14.9789 30.3256
43.1398 15.0971 30.2227
43.2132 15.2105 30.1514
43.3173 15.349 30.2099
43.3545 15.4845 30.1368
43.4518 15.6025 30.128
43.5105 15.7334 30.0872
43.5742 15.9356 30.0413
43.68 16.1205 30.006
43.7542 16.3212 29.8848
43.7963 16.6108 29.8799
43.8666 16.8405 29.8654
43.9701 17.0795 29.9584
44.0711 17.3152 29.9517
44.1554 17.6023 29.952
44.2594 17.9431 30.0521
44.3335 18.2484 30.0895
44.437 18.6034 30.1991
44.5097 18.9721 30.3528
44.5906 19.2808 30.4395
44.6715 19.6196 30.5119
44.784 20.0718 30.7166
44.9934 20.4567 30.8827
45.0931 20.9502 30.873
45.2401 21.4273 30.9841
45.4852 21.9603 31.129
45.6805 22.5143 31.1796
45.7474 23.1872 31.1796
45.967 23.751 31.2976
46.1178 24.4337 31.3749
46.1151 25.2167 31.3535
46.1367 26.0683 31.3888
46.4616 26.7166 31.5871
46.5477 27.5603 31.6743
46.6378 28.4057 31.9518
46.9825 29.1363 32.1351
46.9387 30.1138 32.3002
47.1038 31.095 32.7152
47.3333 31.9431 32.6714
47.4889 32.8661 32.9494
47.7233 33.7529 33.3441
48.0017 34.7485 33.8163
48.1124 35.8519 34.2275
48.2147 37.1194 34.3027
48.8068 38.166 35.0032
49.1261 39.4026 34.9452
49.3683 40.7317 35.5257
49.6286 42.0178 35.4163
50.2357 43.0237 35.7118
50.4424 44.2965 35.8963
51.4034 45.1831 36.4688
51.7537 46.2956 36.4731
51.2687 -48.0884 36.4129
52.0093 -49.0719 37.4365
51.8818 -50.5801 37.7732
52.3391 -51.7833 36.928
53.4048 -52.4985 37.1826
53.4041 -53.9602 37.3085
53.4728 -55.4005 38.0477
54.4426 -56.1961 38.4528
54.5415 -57.664 38.3323
54.0182 -59.2029 38.6317
55.9962 -59.5209 37.6291
55.6058 -60.9436 38.6808
56.7023 61.4728 38.1176
55.9153 -62.9165 38.7459
56.1325 -63.8946 39.4039
57.4725 -64.179 38.977
56.8313 -65.3923 40.3521
57.6026 -66.0119 40.2652
57.8796 -67.0149 40.3602
18.4097 -70.9326 27.929
15.7542 -70.8282 27.5446
19.3955 -72.9517 26.057
21.0288 -74.506 26.107
14.9726 -73.5998 26.9553
13.4624 -74.3044 27.1808
12.6937 -75.1702 26.2137
13.2442 -76.6558 26.841
11.8218 -76.9825 27.2575
9.82929 -77.4162 28.0397
11.3523 -78.8923 27.9123
8.41121 -78.6363 28.1236
8.84519 -79.5539 28.2913
5.0332 -78.4383 27.9447
5.31247 -79.3891 28.6164
67.1544 -77.8717 40.1094
5.00148 -80.792 28.8441
2.90431 -80.4035 29.1446
4.47662 -81.9001 27.9355
1.66388 -80.9658 28.6634
2.75432 -82.4978 28.4532
2.1055 -83.07 28.5833
-0.180117 -82.4867 28.4338
0.571722 -83.9562 28.3127
71.6884 82.7256 39.8506
72.6165 83.4211 40.2928
72.7948 84.3227 39.9447
73.0502 85.0604 39.3482
75.2763 84.4725 40.1289
75.2027 85.2837 41.1322
75.3746 87.0231 40.2604
76.2955 87.8588 40.1742
75.3649 89.6709 40.9589
77.7356 88.7922 39.6832
79.0317 89.2442 38.461
77.7556 91.1048 39.5371
78.3374 91.9873 37.707
78.1454 93.5207 39.2908
79.9653 93.3263 38.8986
80.5589 94.0285 39.2031
81.2149 94.8546 38.9225
82.2968 95.0553 37.9455
82.0948 95.6904 38.6059
82.7288 96.5557 36.9101
82.0508 98.3556 38.6636
83.0002 98.5613 38.1734
82.5763 99.7728 39.0127
85.5698 97.833 36.8694
84.6657 99.0739 39.1588
84.6804 99.6476 39.42
83.2851 101.378 39.7145
86.4642 99.2908 39.2373
85.5128 100.741 39.3803
87.2249 99.8228 39.3348
84.009 103.129 40.0605
85.8326 102.384 37.6293
84.3028 104.045 40.1731
84.2127 104.679 40.4148
84.026 104.697 39.901
83.2479 106.204 39.383
84.2264 105.542 40.8717
84.6104 105.138 41.0351
85.6689 104.508 41.8239
84.262 107.067 42.1376
87.4583 105.074 41.0947
86.81 106.016 42.5688
85.5164 108.995 40.438
88.6154 106.481 39.156
88.0672 107.01 38.8793
90.6301 104.885 39.9791
91.4878 102.719 41.4246
89.7775 104.658 40.7954
89.9304 105.233 41.7666
91.8779 104.24 41.2096
88.5104 107.482 39.6899
90.9169 105.488 40.4208
89.1934 106.864 40.7476
89.0305 107.49 40.944
89.2215 107.172 41.2212
88.6645 107.493 41.5188
87.9081 108.132 43.0039
91.3092 105.413 40.3483
90.3572 105.804 41.9287
89.1055 107.357 44.9656
88.714 108.121 42.7336
87.2889 108.983 45.9091
91.2878 106.774 42.8338
89.8635 108.811 43.373
91.6542 107.112 43.2802
88.0977 110.9 44.3831
91.3279 108.452 45.0614
90.3821 109.352 47.1588
91.5839 109.84 46.3955
90.5076 111.619 47.6005
89.4754 113.992 47.4942
94.1058 111.292 46.8772
93.9874 112.59 49.9058
95.8868 113.686 49.315
95.885 115.006 51.8479
99.3513 113.997 50.4827
106.118 132.73 56.0491
108.362 131.193 57.0751
101.286 113.124 54.785
99.8189 115.225 55.5525
99.5743 116.236 57.0903
102.402 115.633 55.5858
100.685 117.776 56.8604
97.5033 122.17 58.9229
98.9508 123.093 57.0067
100.84 123.588 55.0663
102.094 122.773 55.5624
101.185 125.689 56.6588
100.115 127.346 56.037
103.954 124.462 55.3645
103.37 126.91 54.8094
104.222 127.449 54.2209
101.738 130.435 55.8872
104.542 128.244 54.7833
102.716 130.945 55.9145
104.336 129.692 57.1529
102.299 131.419 58.1366
105.062 131.398 53.6333
102.805 134.207 55.344
104.708 132.961 55.9847
104.896 133.836 56.7946
107.787 131.601 55.1372
108.226 132.501 55.2914
107.929 132.473 56.0059
110.849 131.043 55.2087
107.128 135.36 55.0646
106.628 136.065 56.9354
109.004 134.044 55.8025
106.338 135.951 57.4507
108.496 134.023 56.5029
110.139 132.627 57.6957
106.103 136.988 57.5957
108.3 135.255 58.1246
109.023 135.541 56.4214
108.234 136.241 58.216
105.193 138.471 59.9235
105.071 138.608 59.2411
105.516 139.13 59.8986
105.642 139.192 59.0631
105.541 139.191 58.9555
109.887 135.73 58.9349
105.623 140.244 58.9525
108.803 137.769 57.5845
108.803 137.769 57.5845
110.197 137.718 55.2918
110.197 137.718 55.2918
109.049 138.798 57.9035
106.519 140.852 59.1045
109.049 138.798 57.9035
107.501 141.296 56.6257
109.734 139.42 58.1344
112.337 137.272 56.9702
110.878 139.715 55.6637
110.116 140.448 58.239
108.597 140.374 60.6343
111.48 140.37 55.8674
111.38 140.304 56.3944
107.409 143.665 59.6669
110.7 143.572 54.3776
107.306 143.664 59.5568
109.297 144.761 57.1118
109.773 144.354 57.0049
109.773 144.354 57.0049
111.874 142.773 58.4735
111.874 142.773 58.4735
108.933 146.508 60.1178
112.806 144.905 58.9547
112.806 144.905 58.9547
114.129 143.744 56.1168
110.361 148.346 60.5402
110.596 147.85 61.2382
115.557 145.507 56.4415
113.082 149.102 57.8354
112.33 149.811 60.759
111.838 150.228 60.7689
112.7 151.006 60.9492
111.41 153.518 59.3772
114.854 150.976 57.8177
115.292 152.149 58.0008
113.674 156.803 59.5286
113.796 156.802 59.3104
117.495 154.162 56.9737
114.155 156.803 58.9906
116.253 159.317 51.6097
118.661 154.796 58.4397
122.622 151.669 56.3673
117.824 157.383 56.4151
116.085 160.503 54.411
119.978 -157.45 53.094
119.113 158.761 55.5491
122.428 155.706 55.1866
121.43 158.306 53.19
123.944 157.792 49.2853
121.578 160.919 55.6249
125.397 157.831 54.2482
125.412 157.746 55.2144
123.692 -159.509 52.8525
122.949 -160.912 55.4733
-56.3963 -160.863 16.9776
-59.0039 -158.981 15.0191
-57.9171 -160.522 12.2996
-56.1709 -163.51 13.5672
-58.5712 -161.477 11.6906
-61.9735 -158.24 13.7525
128.67 160.85 55.118
127.788 165.002 53.0972
130.364 162.641 54.5355
129.413 163.159 54.5929
127.307 164.438 58.1852
126.736 164.326 58.8905
126.966 165.842 58.3834
128.14 165.888 55.2966
128.223 165.517 55.2683
126.169 167.249 58.9327
128.571 165.117 60.8365
120.918 170.966 60.4109
126.395 168.261 58.1636
126.022 168.227 58.8026
129.315 167.495 60.5738
129.537 167.01 61.0692
129.427 167.01 60.961
129.874 168.445 61.4078
131.114 169.404 61.3749
126.227 173.294 63.315
128.661 173.163 59.249
131.256 170.877 61.7203
126.556 174.806 63.3475
124.438 178.292 61.201
131.722 172.333 61.677
124.536 179.913 61.5893
127.864 177.432 63.84
84.5027 230.489 77.0315
84.9655 230.913 77.6652
84.2755 231.96 76.5483
84.3164 231.607 79.1109
84.4916 233.306 77.6756
82.9118 233.718 78.024
85.3692 234.791 77.1743
83.2275 235.218 77.9548
100.226 264.011 93.4738
84.4091 236.945 76.8698
86.1791 238.41 75.7961
85.0772 238.158 78.1796
84.0618 238.916 78.39
83.7422 239.462 78.3438
86.3079 241.716 75.2503
87.3216 242.949 74.5784
85.3846 242.965 76.5993
84.3745 243.369 77.1966
85.3786 244.567 76.7523
87.1925 245.206 77.1899
83.8698 245.438 78.9399
87.1717 247.006 77.1523
136.568 193.974 54.7673
131.609 198.636 56.2895
139.252 195.316 54.7706
137.338 197.82 59.952
139.728 195.224 56.2762
140.406 195.315 54.9298
148.42 189.512 50.8304
143.999 194.406 50.8463
138.24 199.906 51.9628
142.394 197.267 54.3165
145.605 196.315 51.0777
144.077 198.612 56.0842
143.514 200.216 49.0788
145.012 200.567 56.512
145.057 -200.454 57.3082
-80.1404 -199.804 19.1039
-83.6357 -196.933 16.0904
-77.8455 -202.522 14.1917
-77.8446 -202.525 14.3325
-79.2114 -204.135 12.9719
-77.9975 -202.526 14.4706
-76.1363 -204.95 9.04064
-82.8541 -203.156 17.4702
-83.3827 -203.215 19.047
-86.8919 -201.834 23.2959
-82.6011 -209.514 21.3132
-78.9362 -210.789 15.7054
-81.8083 -207.62 21.1877
-79.3388 -212.238 25.4558
-83.9048 -209.466 21.687
-88.1666 -206.732 19.0754
-85.9651 -211.383 23.0746
-84.0141 -214.698 17.6881
-86.9702 -209.709 14.0431
156.854 -213.011 48.3958
157.288 -213.076 47.6074
163.725 -206.514 47.3836
158.188 -213.01 48.6142
154.618 -215.803 44.7534
-92.3978 -215.176 22.7348
-87.5297 -215.996 27.2394
-95.5082 -211.533 25.7631
-96.011 -211.527 25.7213
-96.5158 -211.521 25.6799
159.761 217.474 43.8784
160.299 217.471 43.9149
160.842 216.122 53.5732
168.61 212.965 43.258
162.793 219.579 44.0427
167.203 216.908 46.8943
-97.3105 215.891 30.317
-95.6911 -219.935 27.2932
-98.0538 -221.851 28.1134
158.914 -226.088 45.0489
163.175 -224.659 37.7883
165.871 -226.59 38.4705
166.659 -226.586 38.5268
174.304 219.195 36.8198
171.318 221.755 33.4969
174.071 217.616 38.4145
178.551 215.057 42.1508
167.506 228.658 43.3656
170.713 -224.588 37.9805
171.518 -224.583 38.0168
176.169 -222.234 34.5331
173.135 -224.573 38.0876
173.947 -224.568 38.1221
178.877 221.754 34.087
173.304 228.966 33.1307
179.727 222.249 34.9479
177.133 224.123 31.0499
-107.042 228.886 36.7009
172.138 231.312 29.2804
175.484 226.552 35.7547
176.456 226.086 25.7754
182.251 226.554 30.7791
181.563 224.105 39.2853
181.795 -224.775 32.1805
182.621 -224.812 32.4479
183.423 -224.655 33.3775
184.254 -224.123 23.1084
184.912 -224.443 25.9518
185.94 -224.411 33.1918
180.649 -231.333 26.4562
179.855 -229.184 33.4826
184.16 -226.663 29.5867
178.478 234.178 30.9346
185.025 226.851 33.2125
-111.281 234.139 41.9082
186.197 226.712 30.672
186.367 226.575 23.0945
185.002 231.267 25.4809
190.551 224.668 27.2432
-122.843 224.443 42.8644
191.186 224.674 27.3191
186.294 231.515 28.3929
192.192 224.182 27.3052
192.043 224.626 27.2218
189.113 226.876 33.7044
183.516 234.205 31.5284
187.648 231.472 28.3574
187.871 231.475 28.3866
188.095 231.478 28.4157
191.93 228.726 24.8226
-116.299 234.354 38.6213
-116.53 234.354 38.5952
-116.857 233.655 46.1048
-118.881 229.386 40.3379
-127.597 220.376 37.6935
-117.593 233.378 48.7958
-119.657 229.191 43.027
-119.881 229.192 43.0003
188.018 229.407 27.1608
190.25 231.266 25.1854
191.671 226.902 26.6748
186.801 233.621 24.6734
192.334 226.673 24.5629
189.029 228.537 20.4982
-119.186 233.472 48.3606
194.423 222.509 29.3252
189.636 229.189 30.4524
-129.673 220.416 37.2895
-123.482 224.629 44.0796
-125.627 226.66 45.5369
190.338 -229.736 30.7197
192.868 -224.568 26.3565
195.394 -226.281 24.4338
190.521 233.404 22.3289
193.085 229.029 28.0275
198.737 221.554 20.7092
190.938 -231.555 24.3173
195.394 -229.571 28.4189
198.325 224.445 24.3918
194.501 231.657 25.6324
197.488 227.316 31.1445
148.012 226.237 62.9548
155.043 224.644 60.6238
153.171 226.857 59.4405
152.422 227.628 62.5848
148.939 227.671 65.3587
152.507 227.465 62.7182
152.105 230.963 60.515
151.99 229.77 63.6545
151.139 230.615 66.9508
151.212 230.651 67.0214
157.297 230.6 60.2954
155.758 229.607 61.186
150.156 232.448 62.7077
149.215 233.436 66.0702
155.747 229.846 61.4651
149.346 233.551 66.183
153.891 232.524 60.2615
150.847 234.817 65.384
151.974 233.114 69.9992
153.716 231.568 63.5322
153.91 232.852 60.4527
151.838 234.272 62.2941
151.785 234.331 62.3414
153.723 231.878 63.7051
157.157 230.383 64.0799
156.261 232.062 59.7231
154.601 231.142 60.6759
156.248 232.228 59.8024
157.122 230.698 64.3362
156.235 232.4 59.8834
156.239 232.452 59.9085
156.226 232.498 60.0293
157.977 230.068 61.2981
158.848 229.127 58.3189
159.584 231.02 60.5804
158.884 229.329 58.3905
160.496 226.989 59.7331
160.478 227.091 59.7783
156.127 228.329 65.418
163.553 225.668 60.374
162.078 224.936 61.1094
161.976 228.284 59.1913
156.98 227.793 62.5154
162.042 225.147 61.2035
295.989 225.177 61.3115
295.184 224.323 58.4748
164.307 222.082 59.6354
164.285 222.128 59.656
164.243 222.105 59.6648
292.973 221.276 57.0211
295.218 221.376 60.4784
296.246 220.991 66.1131
294.531 220.631 57.7757
293.082 218.406 58.946
293.326 217.276 61.5875
296.196 218.763 61.276
293.986 215.8 59.6913
291.274 214.379 60.0367
291.3 214.4 60.0441
291.2 211.551 61.7523
165.324 213.719 60.7726
165.472 210.8 62.4723
163.169 210.301 62.1181
163.859 209.659 59.5904
165.313 207.617 60.5602
161.166 206.902 63.4255
163.817 205.738 63.6671
166.088 204.249 59.7766
164.759 202.467 62.7198
162.773 203.072 60.1836
161.339 218.291 42.5963
161.443 217.556 43.9602
158.768 216.302 46.3058
160.991 214.985 44.7092
160.417 214.466 44.7721
162.678 213.839 43.7899
159.143 212.707 45.501
161.769 212.289 45.368
161.641 211.179 44.4959
159.49 210.747 47.2778
160.971 209.071 43.1777
160.354 208.406 44.357
158.69 207.61 46.3869
157.773 206.979 48.7437
160.164 205.994 45.0344
161.141 206.154 47.8759
161.513 204.438 46.3036
162.159 204.127 46.435
164.397 203.839 46.2631
163.527 202.134 44.8761
162.179 201.511 46.7054
162.493 200.401 45.4073
162.088 199.505 46.4833
164.139 198.086 44.8539
164.518 196.865 44.0659
165.774 196.473 46.0394
164.063 194.473 45.7279
160.189 193.674 51.5122
166.428 192.336 46.8838
163.939 190.987 47.1363
167.15 189.77 47.7883
167.538 187.101 44.9042
168.558 186.546 45.0019
168.379 185.775 45.7072
169.805 184.375 45.0095
170.665 182.287 43.0648
168.627 181.373 44.7935
169.529 180.412 45.8985
172.022 178.925 45.0297
172.176 177.153 45.2628
170.909 175.499 45.4428
171.183 174.314 44.9519
171.115 173.713 45.6537
172.697 172.479 43.3368
172.807 172.398 45.4111
172.542 170.914 44.3166
170.419 169.566 45.3045
172.493 168.956 44.5404
173.931 168.262 44.5805
171.259 167.251 46.4217
171.836 165.666 44.753
172.657 164.635 44.4611
174.63 163.529 43.253
175.316 162.733 43.5982
175.182 161.53 43.0939
174.871 160.446 43.0838
175.357 159.218 42.782
175.438 158.255 43.208
177.643 157.103 42.2194
176.953 155.99 43.6571
177.487 154.122 42.4522
176.933 152.336 42.1921
179.714 150.787 41.1666
177.979 149.687 43.2015
180.149 147.078 40.4218
180.027 146.637 42.8068
181.158 144.406 40.6443
181.808 142.896 39.7265
178.64 141.771 41.049
179.731 140.635 40.0044
180.03 139.883 40.1609
180.622 138.344 38.3325
180.973 137.419 37.6361
180.832 136.531 37.7888
181.106 135.748 37.169
183.352 134.22 35.3532
181.506 134.289 35.9285
182.426 133.767 34.2165
183.825 133.922 33.1626
181.701 133.689 32.9196
181.317 133.742 32.3372
181.454 133.598 31.2018
181.362 133.89 30.6534
181.676 133.287 29.4596
183.401 133.331 28.543
182.162 133.402 28.3641
182.803 133.033 27.7565
182.571 133.21 28.2689
184.258 131.893 26.2859
184.181 131.451 25.9826
184.809 130.967 25.6388
184.696 130.405 25.3879
184.297 130.387 26.0461
185.785 128.562 24.3943
186.831 127.666 24.2672
185.976 126.451 24.2959
186.288 125.45 25.0716
187.06 123.655 25.1612
187.264 122.132 25.6702
187.596 120.62 26.1794
187.705 118.706 26.1206
188.733 117.203 26.3491
188.669 115.728 26.8365
189.932 113.901 27.1469
189.487 111.996 27.4187
194.811 107.032 23.1027
177.995 91.628 46.0463
177.749 89.9837 46.7018
177.682 88.22 46.3089
178.557 87.0084 46.2143
178.469 85.6093 46.1848
178.142 83.5966 47.3159
178.481 82.5291 47.3291
178.3 81.1629 47.8645
178.201 80.6042 47.6354
178.61 79.5978 47.6529
178.594 78.9836 47.9353
178.607 78.2035 48.0281
178.629 77.2367 48.3038
179.137 76.988 47.5225
178.362 76.2094 47.6128
177.177 77.3592 48.4215
176.492 53.4916 42.901
176.115 -24.6544 -8.05259
179.385 -20.3293 -6.71036
188.711 -12.1965 -5.33485
192.793 -8.6127 -3.02378
264.584 -8.03868 -2.64507
264.267 -7.9692 -1.99677
263.864 -7.90707 -1.46764
263.925 -7.36386 -1.25059
263.288 -7.94152 -0.0935706
263.169 -7.4468 -0.101524
262.644 -7.43545 0.231919
262.799 -7.59121 0.860019
262.815 -7.82844 1.51671
262.816 -8.04076 1.92001
262.98 -8.73145 2.91563
262.808 -8.4138 3.22419
263.062 -8.63073 4.0056
263.449 -8.68262 4.5832
263.622 -8.71564 5.21557
263.514 -8.8386 6.18006
263.298 -8.76754 6.72963
263.297 -8.61771 7.12279
263.593 -8.39766 7.53269
263.689 -8.21361 7.79093
263.783 -7.90281 8.22641
264.274 -7.4823 8.85696
264.652 -7.05633 9.11298
264.88 -6.84132 9.80658
264.952 -6.42111 10.1349
265.409 -5.67332 10.3824
265.405 -5.37698 10.7727
265.436 -5.07835 11.3935
265.049 -5.24706 12.0117
264.828 -5.16889 12.5694
261.97 37.2901 21.149
261.91 36.8224 20.7189
261.526 36.4496 20.5713
261.215 35.8775 20.3678
260.446 35.634 19.8652
259.954 35.2263 19.2863
259.541 34.9224 18.7089
259.211 34.6028 17.8676
259.134 34.1066 17.2353
258.985 33.5559 16.4034
258.864 32.9187 15.8819
258.484 32.4532 15.1668
258.386 31.8228 14.7589
258.222 31.3057 14.2037
257.862 30.961 13.8487
257.668 30.414 13.5347
200.663 30.056 13.1723
200.986 29.6964 12.8382
201.355 29.3588 12.653
201.864 29.0989 12.2572
202.1 28.709 11.9821
202.459 28.4336 11.7237
202.823 28.2093 11.6064
203.18 27.7867 11.3748
203.58 27.4583 11.1916
203.972 27.1441 11.0911
204.386 26.7205 10.8481
204.912 26.5119 10.8581
205.399 26.1878 10.8732
205.836 25.8287 10.8294
206.355 25.5743 10.8552
206.917 25.3675 10.8767
207.413 25.0121 10.9318
208.003 24.808 11.0367
208.542 24.525 11.1209
209.031 24.2291 11.2229
209.614 24.0502 11.4607
210.116 23.8782 11.5722
210.583 23.6463 11.698
211.008 23.4536 11.8139
211.467 23.2585 11.9281
211.781 23.0893 11.9481
212.053 22.8961 11.9746
212.337 22.7239 11.9467
212.579 22.5276 11.9258
